2024/01/13-23:43:22.103336 16c6cb000 RocksDB version: 6.20.3
2024/01/13-23:43:22.103395 16c6cb000 Git sha 8608d75d85f8e1b3b64b73a4fb6d19baec61ba5c
2024/01/13-23:43:22.103397 16c6cb000 Compile date 2021-05-05 20:35:30
2024/01/13-23:43:22.103411 16c6cb000 DB SUMMARY
2024/01/13-23:43:22.103412 16c6cb000 DB Session ID:  08NK8UI9O3GCSIP39GFO
2024/01/13-23:43:22.103896 16c6cb000 CURRENT file:  CURRENT
2024/01/13-23:43:22.103897 16c6cb000 IDENTITY file:  IDENTITY
2024/01/13-23:43:22.103906 16c6cb000 MANIFEST file:  MANIFEST-008656 size: 68225 Bytes
2024/01/13-23:43:22.103908 16c6cb000 SST files in ./transactions/db dir, Total Num: 380, files: 000039.sst 000050.sst 000061.sst 000072.sst 000090.sst 000098.sst 000116.sst 000129.sst 000676.sst 
2024/01/13-23:43:22.103909 16c6cb000 Write Ahead Log file in ./transactions/db: 008657.log size: 447 ; 
2024/01/13-23:43:22.103913 16c6cb000                         Options.error_if_exists: 0
2024/01/13-23:43:22.103914 16c6cb000                       Options.create_if_missing: 1
2024/01/13-23:43:22.103915 16c6cb000                         Options.paranoid_checks: 1
2024/01/13-23:43:22.103915 16c6cb000                               Options.track_and_verify_wals_in_manifest: 0
2024/01/13-23:43:22.103916 16c6cb000                                     Options.env: 0x107f6e760
2024/01/13-23:43:22.103917 16c6cb000                                      Options.fs: Posix File System
2024/01/13-23:43:22.103917 16c6cb000                                Options.info_log: 0x12d157580
2024/01/13-23:43:22.103918 16c6cb000                Options.max_file_opening_threads: 16
2024/01/13-23:43:22.103919 16c6cb000                              Options.statistics: 0x0
2024/01/13-23:43:22.103919 16c6cb000                               Options.use_fsync: 0
2024/01/13-23:43:22.103920 16c6cb000                       Options.max_log_file_size: 0
2024/01/13-23:43:22.103920 16c6cb000                  Options.max_manifest_file_size: 1073741824
2024/01/13-23:43:22.103921 16c6cb000                   Options.log_file_time_to_roll: 0
2024/01/13-23:43:22.103921 16c6cb000                       Options.keep_log_file_num: 1000
2024/01/13-23:43:22.103922 16c6cb000                    Options.recycle_log_file_num: 0
2024/01/13-23:43:22.103922 16c6cb000                         Options.allow_fallocate: 1
2024/01/13-23:43:22.103923 16c6cb000                        Options.allow_mmap_reads: 0
2024/01/13-23:43:22.103923 16c6cb000                       Options.allow_mmap_writes: 0
2024/01/13-23:43:22.103924 16c6cb000                        Options.use_direct_reads: 0
2024/01/13-23:43:22.103924 16c6cb000                        Options.use_direct_io_for_flush_and_compaction: 0
2024/01/13-23:43:22.103925 16c6cb000          Options.create_missing_column_families: 0
2024/01/13-23:43:22.103926 16c6cb000                              Options.db_log_dir: 
2024/01/13-23:43:22.103926 16c6cb000                                 Options.wal_dir: ./transactions/db
2024/01/13-23:43:22.103927 16c6cb000                Options.table_cache_numshardbits: 6
2024/01/13-23:43:22.103927 16c6cb000                         Options.WAL_ttl_seconds: 0
2024/01/13-23:43:22.103928 16c6cb000                       Options.WAL_size_limit_MB: 0
2024/01/13-23:43:22.103928 16c6cb000                        Options.max_write_batch_group_size_bytes: 1048576
2024/01/13-23:43:22.103929 16c6cb000             Options.manifest_preallocation_size: 4194304
2024/01/13-23:43:22.103929 16c6cb000                     Options.is_fd_close_on_exec: 1
2024/01/13-23:43:22.103930 16c6cb000                   Options.advise_random_on_open: 1
2024/01/13-23:43:22.103931 16c6cb000                    Options.db_write_buffer_size: 0
2024/01/13-23:43:22.103931 16c6cb000                    Options.write_buffer_manager: 0x12d157540
2024/01/13-23:43:22.103932 16c6cb000         Options.access_hint_on_compaction_start: 1
2024/01/13-23:43:22.103932 16c6cb000  Options.new_table_reader_for_compaction_inputs: 0
2024/01/13-23:43:22.103933 16c6cb000           Options.random_access_max_buffer_size: 1048576
2024/01/13-23:43:22.103933 16c6cb000                      Options.use_adaptive_mutex: 0
2024/01/13-23:43:22.103946 16c6cb000                            Options.rate_limiter: 0x0
2024/01/13-23:43:22.103948 16c6cb000     Options.sst_file_manager.rate_bytes_per_sec: 0
2024/01/13-23:43:22.103948 16c6cb000                       Options.wal_recovery_mode: 2
2024/01/13-23:43:22.103949 16c6cb000                  Options.enable_thread_tracking: 0
2024/01/13-23:43:22.103949 16c6cb000                  Options.enable_pipelined_write: 0
2024/01/13-23:43:22.103950 16c6cb000                  Options.unordered_write: 0
2024/01/13-23:43:22.103950 16c6cb000         Options.allow_concurrent_memtable_write: 1
2024/01/13-23:43:22.103951 16c6cb000      Options.enable_write_thread_adaptive_yield: 1
2024/01/13-23:43:22.103951 16c6cb000             Options.write_thread_max_yield_usec: 100
2024/01/13-23:43:22.103952 16c6cb000            Options.write_thread_slow_yield_usec: 3
2024/01/13-23:43:22.103952 16c6cb000                               Options.row_cache: None
2024/01/13-23:43:22.103953 16c6cb000                              Options.wal_filter: None
2024/01/13-23:43:22.103954 16c6cb000             Options.avoid_flush_during_recovery: 0
2024/01/13-23:43:22.103954 16c6cb000             Options.allow_ingest_behind: 0
2024/01/13-23:43:22.103955 16c6cb000             Options.preserve_deletes: 0
2024/01/13-23:43:22.103955 16c6cb000             Options.two_write_queues: 0
2024/01/13-23:43:22.103956 16c6cb000             Options.manual_wal_flush: 0
2024/01/13-23:43:22.103956 16c6cb000             Options.atomic_flush: 0
2024/01/13-23:43:22.103957 16c6cb000             Options.avoid_unnecessary_blocking_io: 0
2024/01/13-23:43:22.103957 16c6cb000                 Options.persist_stats_to_disk: 0
2024/01/13-23:43:22.103958 16c6cb000                 Options.write_dbid_to_manifest: 0
2024/01/13-23:43:22.103959 16c6cb000                 Options.log_readahead_size: 0
2024/01/13-23:43:22.103959 16c6cb000                 Options.file_checksum_gen_factory: Unknown
2024/01/13-23:43:22.103960 16c6cb000                 Options.best_efforts_recovery: 0
2024/01/13-23:43:22.103960 16c6cb000                Options.max_bgerror_resume_count: 2147483647
2024/01/13-23:43:22.103961 16c6cb000            Options.bgerror_resume_retry_interval: 1000000
2024/01/13-23:43:22.103962 16c6cb000             Options.allow_data_in_errors: 0
2024/01/13-23:43:22.103962 16c6cb000             Options.db_host_id: __hostname__
2024/01/13-23:43:22.103963 16c6cb000             Options.max_background_jobs: 2
2024/01/13-23:43:22.103963 16c6cb000             Options.max_background_compactions: -1
2024/01/13-23:43:22.103964 16c6cb000             Options.max_subcompactions: 1
2024/01/13-23:43:22.103964 16c6cb000             Options.avoid_flush_during_shutdown: 0
2024/01/13-23:43:22.103965 16c6cb000           Options.writable_file_max_buffer_size: 1048576
2024/01/13-23:43:22.103966 16c6cb000             Options.delayed_write_rate : 16777216
2024/01/13-23:43:22.103966 16c6cb000             Options.max_total_wal_size: 0
2024/01/13-23:43:22.103967 16c6cb000             Options.delete_obsolete_files_period_micros: 21600000000
2024/01/13-23:43:22.103967 16c6cb000                   Options.stats_dump_period_sec: 600
2024/01/13-23:43:22.103968 16c6cb000                 Options.stats_persist_period_sec: 600
2024/01/13-23:43:22.103968 16c6cb000                 Options.stats_history_buffer_size: 1048576
2024/01/13-23:43:22.103969 16c6cb000                          Options.max_open_files: -1
2024/01/13-23:43:22.103970 16c6cb000                          Options.bytes_per_sync: 0
2024/01/13-23:43:22.103970 16c6cb000                      Options.wal_bytes_per_sync: 0
2024/01/13-23:43:22.103971 16c6cb000                   Options.strict_bytes_per_sync: 0
2024/01/13-23:43:22.103971 16c6cb000       Options.compaction_readahead_size: 0
2024/01/13-23:43:22.103972 16c6cb000                  Options.max_background_flushes: -1
2024/01/13-23:43:22.103972 16c6cb000 Compression algorithms supported:
2024/01/13-23:43:22.103976 16c6cb000 	kZSTD supported: 1
2024/01/13-23:43:22.103977 16c6cb000 	kZlibCompression supported: 1
2024/01/13-23:43:22.103988 16c6cb000 	kXpressCompression supported: 0
2024/01/13-23:43:22.103989 16c6cb000 	kSnappyCompression supported: 1
2024/01/13-23:43:22.103989 16c6cb000 	kZSTDNotFinalCompression supported: 1
2024/01/13-23:43:22.103990 16c6cb000 	kLZ4HCCompression supported: 1
2024/01/13-23:43:22.103991 16c6cb000 	kLZ4Compression supported: 1
2024/01/13-23:43:22.103991 16c6cb000 	kBZip2Compression supported: 1
2024/01/13-23:43:22.104004 16c6cb000 Fast CRC32 supported: Supported on Arm64
2024/01/13-23:43:22.104097 16c6cb000 [db/version_set.cc:4627] Recovering from manifest file: ./transactions/db/MANIFEST-008656
2024/01/13-23:43:22.104155 16c6cb000 [db/column_family.cc:598] --------------- Options for column family [default]:
2024/01/13-23:43:22.104157 16c6cb000               Options.comparator: leveldb.BytewiseComparator
2024/01/13-23:43:22.104157 16c6cb000           Options.merge_operator: None
2024/01/13-23:43:22.104158 16c6cb000        Options.compaction_filter: None
2024/01/13-23:43:22.104158 16c6cb000        Options.compaction_filter_factory: None
2024/01/13-23:43:22.104159 16c6cb000  Options.sst_partitioner_factory: None
2024/01/13-23:43:22.104160 16c6cb000         Options.memtable_factory: SkipListFactory
2024/01/13-23:43:22.104160 16c6cb000            Options.table_factory: BlockBasedTable
2024/01/13-23:43:22.104180 16c6cb000            table_factory options:   flush_block_policy_factory: FlushBlockBySizePolicyFactory (0x12d107210)
  cache_index_and_filter_blocks: 0
  cache_index_and_filter_blocks_with_high_priority: 1
  pin_l0_filter_and_index_blocks_in_cache: 0
  pin_top_level_index_and_filter: 1
  index_type: 0
  data_block_index_type: 0
  index_shortening: 1
  data_block_hash_table_util_ratio: 0.750000
  hash_index_allow_collision: 1
  checksum: 1
  no_block_cache: 0
  block_cache: 0x12d1569f8
  block_cache_name: LRUCache
  block_cache_options:
    capacity : 8388608
    num_shard_bits : 4
    strict_capacity_limit : 0
    memory_allocator : None
    high_pri_pool_ratio: 0.000
  block_cache_compressed: 0x0
  persistent_cache: 0x0
  block_size: 4096
  block_size_deviation: 10
  block_restart_interval: 16
  index_block_restart_interval: 1
  metadata_block_size: 4096
  partition_filters: 0
  use_delta_encoding: 1
  filter_policy: nullptr
  whole_key_filtering: 1
  verify_compression: 0
  read_amp_bytes_per_bit: 0
  format_version: 5
  enable_index_compression: 1
  block_align: 0
2024/01/13-23:43:22.104182 16c6cb000        Options.write_buffer_size: 67108864
2024/01/13-23:43:22.104183 16c6cb000  Options.max_write_buffer_number: 2
2024/01/13-23:43:22.104184 16c6cb000          Options.compression: Snappy
2024/01/13-23:43:22.104185 16c6cb000                  Options.bottommost_compression: Disabled
2024/01/13-23:43:22.104185 16c6cb000       Options.prefix_extractor: nullptr
2024/01/13-23:43:22.104186 16c6cb000   Options.memtable_insert_with_hint_prefix_extractor: nullptr
2024/01/13-23:43:22.104186 16c6cb000             Options.num_levels: 7
2024/01/13-23:43:22.104187 16c6cb000        Options.min_write_buffer_number_to_merge: 1
2024/01/13-23:43:22.104187 16c6cb000     Options.max_write_buffer_number_to_maintain: 0
2024/01/13-23:43:22.104188 16c6cb000     Options.max_write_buffer_size_to_maintain: 0
2024/01/13-23:43:22.104188 16c6cb000            Options.bottommost_compression_opts.window_bits: -14
2024/01/13-23:43:22.104189 16c6cb000                  Options.bottommost_compression_opts.level: 32767
2024/01/13-23:43:22.104190 16c6cb000               Options.bottommost_compression_opts.strategy: 0
2024/01/13-23:43:22.104190 16c6cb000         Options.bottommost_compression_opts.max_dict_bytes: 0
2024/01/13-23:43:22.104191 16c6cb000         Options.bottommost_compression_opts.zstd_max_train_bytes: 0
2024/01/13-23:43:22.104191 16c6cb000         Options.bottommost_compression_opts.parallel_threads: 1
2024/01/13-23:43:22.104192 16c6cb000                  Options.bottommost_compression_opts.enabled: false
2024/01/13-23:43:22.104193 16c6cb000         Options.bottommost_compression_opts.max_dict_buffer_bytes: 0
2024/01/13-23:43:22.104201 16c6cb000            Options.compression_opts.window_bits: -14
2024/01/13-23:43:22.104202 16c6cb000                  Options.compression_opts.level: 32767
2024/01/13-23:43:22.104202 16c6cb000               Options.compression_opts.strategy: 0
2024/01/13-23:43:22.104203 16c6cb000         Options.compression_opts.max_dict_bytes: 0
2024/01/13-23:43:22.104203 16c6cb000         Options.compression_opts.zstd_max_train_bytes: 0
2024/01/13-23:43:22.104204 16c6cb000         Options.compression_opts.parallel_threads: 1
2024/01/13-23:43:22.104205 16c6cb000                  Options.compression_opts.enabled: false
2024/01/13-23:43:22.104205 16c6cb000         Options.compression_opts.max_dict_buffer_bytes: 0
2024/01/13-23:43:22.104206 16c6cb000      Options.level0_file_num_compaction_trigger: 4
2024/01/13-23:43:22.104206 16c6cb000          Options.level0_slowdown_writes_trigger: 20
2024/01/13-23:43:22.104207 16c6cb000              Options.level0_stop_writes_trigger: 36
2024/01/13-23:43:22.104207 16c6cb000                   Options.target_file_size_base: 67108864
2024/01/13-23:43:22.104208 16c6cb000             Options.target_file_size_multiplier: 1
2024/01/13-23:43:22.104208 16c6cb000                Options.max_bytes_for_level_base: 268435456
2024/01/13-23:43:22.104209 16c6cb000 Options.level_compaction_dynamic_level_bytes: 0
2024/01/13-23:43:22.104210 16c6cb000          Options.max_bytes_for_level_multiplier: 10.000000
2024/01/13-23:43:22.104210 16c6cb000 Options.max_bytes_for_level_multiplier_addtl[0]: 1
2024/01/13-23:43:22.104211 16c6cb000 Options.max_bytes_for_level_multiplier_addtl[1]: 1
2024/01/13-23:43:22.104211 16c6cb000 Options.max_bytes_for_level_multiplier_addtl[2]: 1
2024/01/13-23:43:22.104212 16c6cb000 Options.max_bytes_for_level_multiplier_addtl[3]: 1
2024/01/13-23:43:22.104213 16c6cb000 Options.max_bytes_for_level_multiplier_addtl[4]: 1
2024/01/13-23:43:22.104213 16c6cb000 Options.max_bytes_for_level_multiplier_addtl[5]: 1
2024/01/13-23:43:22.104214 16c6cb000 Options.max_bytes_for_level_multiplier_addtl[6]: 1
2024/01/13-23:43:22.104214 16c6cb000       Options.max_sequential_skip_in_iterations: 8
2024/01/13-23:43:22.104215 16c6cb000                    Options.max_compaction_bytes: 1677721600
2024/01/13-23:43:22.104215 16c6cb000                        Options.arena_block_size: 8388608
2024/01/13-23:43:22.104216 16c6cb000   Options.soft_pending_compaction_bytes_limit: 68719476736
2024/01/13-23:43:22.104216 16c6cb000   Options.hard_pending_compaction_bytes_limit: 274877906944
2024/01/13-23:43:22.104217 16c6cb000       Options.rate_limit_delay_max_milliseconds: 100
2024/01/13-23:43:22.104218 16c6cb000                Options.disable_auto_compactions: 0
2024/01/13-23:43:22.104219 16c6cb000                        Options.compaction_style: kCompactionStyleLevel
2024/01/13-23:43:22.104221 16c6cb000                          Options.compaction_pri: kMinOverlappingRatio
2024/01/13-23:43:22.104221 16c6cb000 Options.compaction_options_universal.size_ratio: 1
2024/01/13-23:43:22.104222 16c6cb000 Options.compaction_options_universal.min_merge_width: 2
2024/01/13-23:43:22.104222 16c6cb000 Options.compaction_options_universal.max_merge_width: 4294967295
2024/01/13-23:43:22.104223 16c6cb000 Options.compaction_options_universal.max_size_amplification_percent: 200
2024/01/13-23:43:22.104223 16c6cb000 Options.compaction_options_universal.compression_size_percent: -1
2024/01/13-23:43:22.104224 16c6cb000 Options.compaction_options_universal.stop_style: kCompactionStopStyleTotalSize
2024/01/13-23:43:22.104225 16c6cb000 Options.compaction_options_fifo.max_table_files_size: 1073741824
2024/01/13-23:43:22.104226 16c6cb000 Options.compaction_options_fifo.allow_compaction: 0
2024/01/13-23:43:22.104228 16c6cb000                   Options.table_properties_collectors: 
2024/01/13-23:43:22.104229 16c6cb000                   Options.inplace_update_support: 0
2024/01/13-23:43:22.104229 16c6cb000                 Options.inplace_update_num_locks: 10000
2024/01/13-23:43:22.104230 16c6cb000               Options.memtable_prefix_bloom_size_ratio: 0.000000
2024/01/13-23:43:22.104238 16c6cb000               Options.memtable_whole_key_filtering: 0
2024/01/13-23:43:22.104238 16c6cb000   Options.memtable_huge_page_size: 0
2024/01/13-23:43:22.104239 16c6cb000                           Options.bloom_locality: 0
2024/01/13-23:43:22.104240 16c6cb000                    Options.max_successive_merges: 0
2024/01/13-23:43:22.104240 16c6cb000                Options.optimize_filters_for_hits: 0
2024/01/13-23:43:22.104241 16c6cb000                Options.paranoid_file_checks: 0
2024/01/13-23:43:22.104241 16c6cb000                Options.force_consistency_checks: 1
2024/01/13-23:43:22.104242 16c6cb000                Options.report_bg_io_stats: 0
2024/01/13-23:43:22.104242 16c6cb000                               Options.ttl: 2592000
2024/01/13-23:43:22.104243 16c6cb000          Options.periodic_compaction_seconds: 0
2024/01/13-23:43:22.104244 16c6cb000                    Options.enable_blob_files: false
2024/01/13-23:43:22.104244 16c6cb000                        Options.min_blob_size: 0
2024/01/13-23:43:22.104245 16c6cb000                       Options.blob_file_size: 268435456
2024/01/13-23:43:22.104245 16c6cb000                Options.blob_compression_type: NoCompression
2024/01/13-23:43:22.104246 16c6cb000       Options.enable_blob_garbage_collection: false
2024/01/13-23:43:22.104246 16c6cb000   Options.blob_garbage_collection_age_cutoff: 0.250000
2024/01/13-23:43:22.112570 16c6cb000 [db/version_set.cc:4675] Recovered from manifest file:./transactions/db/MANIFEST-008656 succeeded,manifest_file_number is 8656, next_file_number is 8662, last_sequence is 784, log_number is 8652,prev_log_number is 0,max_column_family is 0,min_log_number_to_keep is 0
2024/01/13-23:43:22.112575 16c6cb000 [db/version_set.cc:4684] Column family [default] (ID 0), log number is 8652
2024/01/13-23:43:22.113293 16c6cb000 [db/version_set.cc:4119] Creating manifest 8663
2024/01/13-23:43:22.117515 16c6cb000 EVENT_LOG_v1 {"time_micros": 1705160602117509, "job": 1, "event": "recovery_started", "wal_files": [8657]}
2024/01/13-23:43:22.117519 16c6cb000 [db/db_impl/db_impl_open.cc:856] Recovering log #8657 mode 2
2024/01/13-23:43:22.117998 16c6cb000 EVENT_LOG_v1 {"time_micros": 1705160602117975, "cf_name": "default", "job": 1, "event": "table_file_creation", "file_number": 8664, "file_size": 1410, "file_checksum": "", "file_checksum_func_name": "Unknown", "table_properties": {"data_size": 449, "index_size": 82, "index_partitions": 0, "top_level_index_size": 0, "index_key_is_user_key": 1, "index_value_is_delta_encoded": 1, "filter_size": 0, "raw_key_size": 72, "raw_average_key_size": 72, "raw_value_size": 360, "raw_average_value_size": 360, "num_data_blocks": 1, "num_entries": 1, "num_deletions": 0, "num_merge_operands": 0, "num_range_deletions": 0, "format_version": 0, "fixed_key_len": 0, "filter_policy": "", "column_family_name": "default", "column_family_id": 0, "comparator": "leveldb.BytewiseComparator", "merge_operator": "nullptr", "prefix_extractor_name": "nullptr", "property_collectors": "[]", "compression": "Snappy", "compression_options": "window_bits=-14; level=32767; strategy=0; max_dict_bytes=0; zstd_max_train_bytes=0; enabled=0; max_dict_buffer_bytes=0; ", "creation_time": 1705160602, "oldest_key_time": 0, "file_creation_time": 0, "slow_compression_estimated_data_size": 0, "fast_compression_estimated_data_size": 0, "db_id": "179fb0d5d2b5fee1-40a41962bf5788e9", "db_session_id": "08NK8UI9O3GCSIP39GFO"}}
2024/01/13-23:43:22.118361 16c6cb000 [db/version_set.cc:4119] Creating manifest 8665
2024/01/13-23:43:22.119648 16c6cb000 EVENT_LOG_v1 {"time_micros": 1705160602119646, "job": 1, "event": "recovery_finished"}
2024/01/13-23:43:22.120911 16c6cb000 [file/delete_scheduler.cc:77] Deleted file ./transactions/db/008657.log immediately, rate_bytes_per_sec 0, total_trash_size 0 max_trash_db_ratio 0.250000
2024/01/13-23:43:22.122955 16c6cb000 [db/db_impl/db_impl_open.cc:1757] SstFileManager instance 0x12d157630
2024/01/13-23:43:22.123421 16cb6f000 [db/compaction/compaction_job.cc:1916] [default] [JOB 3] Compacting 1@0 + 1@1 files to L1, score 1.00
2024/01/13-23:43:22.123425 16cb6f000 [db/compaction/compaction_job.cc:1920] [default] Compaction start summary: Base version 3 Base level 0, inputs: [8664(1410B)], [8660(1433B)]
2024/01/13-23:43:22.123437 16cb6f000 EVENT_LOG_v1 {"time_micros": 1705160602123430, "job": 3, "event": "compaction_started", "compaction_reason": "LevelL0FilesNum", "files_L0": [8664], "files_L1": [8660], "score": 1, "input_data_size": 2843}
2024/01/13-23:43:22.123766 16cb6f000 [db/compaction/compaction_job.cc:1547] [default] [JOB 3] Generated table #8669: 1 keys, 1433 bytes
2024/01/13-23:43:22.123791 16cb6f000 EVENT_LOG_v1 {"time_micros": 1705160602123771, "cf_name": "default", "job": 3, "event": "table_file_creation", "file_number": 8669, "file_size": 1433, "file_checksum": "", "file_checksum_func_name": "Unknown", "table_properties": {"data_size": 449, "index_size": 82, "index_partitions": 0, "top_level_index_size": 0, "index_key_is_user_key": 1, "index_value_is_delta_encoded": 1, "filter_size": 0, "raw_key_size": 72, "raw_average_key_size": 72, "raw_value_size": 360, "raw_average_value_size": 360, "num_data_blocks": 1, "num_entries": 1, "num_deletions": 0, "num_merge_operands": 0, "num_range_deletions": 0, "format_version": 0, "fixed_key_len": 0, "filter_policy": "", "column_family_name": "default", "column_family_id": 0, "comparator": "leveldb.BytewiseComparator", "merge_operator": "nullptr", "prefix_extractor_name": "nullptr", "property_collectors": "[]", "compression": "Snappy", "compression_options": "window_bits=-14; level=32767; strategy=0; max_dict_bytes=0; zstd_max_train_bytes=0; enabled=0; max_dict_buffer_bytes=0; ", "creation_time": 1705160592, "oldest_key_time": 0, "file_creation_time": 1705160602, "slow_compression_estimated_data_size": 0, "fast_compression_estimated_data_size": 0, "db_id": "179fb0d5d2b5fee1-40a41962bf5788e9", "db_session_id": "08NK8UI9O3GCSIP39GFO"}}
2024/01/13-23:43:22.123951 16cb6f000 [db/compaction/compaction_job.cc:1622] [default] [JOB 3] Compacted 1@0 + 1@1 files to L1 => 1433 bytes
2024/01/13-23:43:22.124453 16c6cb000 DB pointer 0x12e021000
2024/01/13-23:43:22.124536 16c6cb000 [db/db_impl/db_impl.cc:463] Shutdown: canceling all background work
2024/01/13-23:43:22.124803 16cb6f000 (Original Log Time 2024/01/13-23:43:22.124726) [db/compaction/compaction_job.cc:839] [default] compacted to: files[3 377 0 0 0 0 0] max score 0.75, MB/sec: 7.5 rd, 3.8 wr, level 1, files in(1, 1) out(1 +0 blob) MB in(0.0, 0.0 +0.0 blob) out(0.0 +0.0 blob), read-write-amplify(3.0) write-amplify(1.0) OK, records in: 2, records dropped: 1 output_compression: Snappy
2024/01/13-23:43:22.124806 16cb6f000 (Original Log Time 2024/01/13-23:43:22.124741) EVENT_LOG_v1 {"time_micros": 1705160602124731, "job": 3, "event": "compaction_finished", "compaction_time_micros": 378, "compaction_time_cpu_micros": 304, "output_level": 1, "num_output_files": 1, "total_output_size": 1433, "num_input_records": 2, "num_output_records": 1, "num_subcompactions": 1, "output_compression": "Snappy", "num_single_delete_mismatches": 0, "num_single_delete_fallthrough": 0, "lsm_state": [3, 377, 0, 0, 0, 0, 0]}
2024/01/13-23:43:22.124971 16cb6f000 [file/delete_scheduler.cc:77] Deleted file ./transactions/db/008664.sst immediately, rate_bytes_per_sec 0, total_trash_size 0 max_trash_db_ratio 0.250000
2024/01/13-23:43:22.124976 16cb6f000 EVENT_LOG_v1 {"time_micros": 1705160602124974, "job": 3, "event": "table_file_deletion", "file_number": 8664}
2024/01/13-23:43:22.125032 16cb6f000 [file/delete_scheduler.cc:77] Deleted file ./transactions/db/008660.sst immediately, rate_bytes_per_sec 0, total_trash_size 0 max_trash_db_ratio 0.250000
2024/01/13-23:43:22.125036 16cb6f000 EVENT_LOG_v1 {"time_micros": 1705160602125034, "job": 3, "event": "table_file_deletion", "file_number": 8660}
2024/01/13-23:43:22.128834 16c6cb000 [db/db_impl/db_impl.cc:642] Shutdown complete
