2023/12/11-19:14:56.375137 1e7a79e00 RocksDB version: 6.20.3
2023/12/11-19:14:56.375163 1e7a79e00 Git sha 8608d75d85f8e1b3b64b73a4fb6d19baec61ba5c
2023/12/11-19:14:56.375164 1e7a79e00 Compile date 2021-05-05 20:35:30
2023/12/11-19:14:56.375175 1e7a79e00 DB SUMMARY
2023/12/11-19:14:56.375176 1e7a79e00 DB Session ID:  TQJWUSJEOQ2OYI3GQTL5
2023/12/11-19:14:56.376164 1e7a79e00 CURRENT file:  CURRENT
2023/12/11-19:14:56.376165 1e7a79e00 IDENTITY file:  IDENTITY
2023/12/11-19:14:56.376288 1e7a79e00 MANIFEST file:  MANIFEST-004008 size: 3124 Bytes
2023/12/11-19:14:56.376290 1e7a79e00 SST files in ./account dir, Total Num: 17, files: 000114.sst 000126.sst 000132.sst 000140.sst 000148.sst 000156.sst 000164.sst 000172.sst 002579.sst 
2023/12/11-19:14:56.376291 1e7a79e00 Write Ahead Log file in ./account: 004009.log size: 0 ; 
2023/12/11-19:14:56.376332 1e7a79e00                         Options.error_if_exists: 0
2023/12/11-19:14:56.376332 1e7a79e00                       Options.create_if_missing: 0
2023/12/11-19:14:56.376333 1e7a79e00                         Options.paranoid_checks: 1
2023/12/11-19:14:56.376334 1e7a79e00                               Options.track_and_verify_wals_in_manifest: 0
2023/12/11-19:14:56.376334 1e7a79e00                                     Options.env: 0x10437c190
2023/12/11-19:14:56.376335 1e7a79e00                                      Options.fs: Posix File System
2023/12/11-19:14:56.376336 1e7a79e00                                Options.info_log: 0x11e905350
2023/12/11-19:14:56.376336 1e7a79e00                Options.max_file_opening_threads: 16
2023/12/11-19:14:56.376337 1e7a79e00                              Options.statistics: 0x0
2023/12/11-19:14:56.376338 1e7a79e00                               Options.use_fsync: 0
2023/12/11-19:14:56.376338 1e7a79e00                       Options.max_log_file_size: 0
2023/12/11-19:14:56.376339 1e7a79e00                  Options.max_manifest_file_size: 1073741824
2023/12/11-19:14:56.376339 1e7a79e00                   Options.log_file_time_to_roll: 0
2023/12/11-19:14:56.376340 1e7a79e00                       Options.keep_log_file_num: 1000
2023/12/11-19:14:56.376341 1e7a79e00                    Options.recycle_log_file_num: 0
2023/12/11-19:14:56.376341 1e7a79e00                         Options.allow_fallocate: 1
2023/12/11-19:14:56.376342 1e7a79e00                        Options.allow_mmap_reads: 0
2023/12/11-19:14:56.376342 1e7a79e00                       Options.allow_mmap_writes: 0
2023/12/11-19:14:56.376343 1e7a79e00                        Options.use_direct_reads: 0
2023/12/11-19:14:56.376344 1e7a79e00                        Options.use_direct_io_for_flush_and_compaction: 0
2023/12/11-19:14:56.376344 1e7a79e00          Options.create_missing_column_families: 0
2023/12/11-19:14:56.376345 1e7a79e00                              Options.db_log_dir: 
2023/12/11-19:14:56.376345 1e7a79e00                                 Options.wal_dir: ./account
2023/12/11-19:14:56.376346 1e7a79e00                Options.table_cache_numshardbits: 6
2023/12/11-19:14:56.376347 1e7a79e00                         Options.WAL_ttl_seconds: 0
2023/12/11-19:14:56.376347 1e7a79e00                       Options.WAL_size_limit_MB: 0
2023/12/11-19:14:56.376348 1e7a79e00                        Options.max_write_batch_group_size_bytes: 1048576
2023/12/11-19:14:56.376349 1e7a79e00             Options.manifest_preallocation_size: 4194304
2023/12/11-19:14:56.376349 1e7a79e00                     Options.is_fd_close_on_exec: 1
2023/12/11-19:14:56.376350 1e7a79e00                   Options.advise_random_on_open: 1
2023/12/11-19:14:56.376350 1e7a79e00                    Options.db_write_buffer_size: 0
2023/12/11-19:14:56.376351 1e7a79e00                    Options.write_buffer_manager: 0x11e905320
2023/12/11-19:14:56.376352 1e7a79e00         Options.access_hint_on_compaction_start: 1
2023/12/11-19:14:56.376352 1e7a79e00  Options.new_table_reader_for_compaction_inputs: 0
2023/12/11-19:14:56.376353 1e7a79e00           Options.random_access_max_buffer_size: 1048576
2023/12/11-19:14:56.376353 1e7a79e00                      Options.use_adaptive_mutex: 0
2023/12/11-19:14:56.376354 1e7a79e00                            Options.rate_limiter: 0x0
2023/12/11-19:14:56.376370 1e7a79e00     Options.sst_file_manager.rate_bytes_per_sec: 0
2023/12/11-19:14:56.376371 1e7a79e00                       Options.wal_recovery_mode: 2
2023/12/11-19:14:56.376372 1e7a79e00                  Options.enable_thread_tracking: 0
2023/12/11-19:14:56.376372 1e7a79e00                  Options.enable_pipelined_write: 0
2023/12/11-19:14:56.376373 1e7a79e00                  Options.unordered_write: 0
2023/12/11-19:14:56.376374 1e7a79e00         Options.allow_concurrent_memtable_write: 1
2023/12/11-19:14:56.376374 1e7a79e00      Options.enable_write_thread_adaptive_yield: 1
2023/12/11-19:14:56.376375 1e7a79e00             Options.write_thread_max_yield_usec: 100
2023/12/11-19:14:56.376375 1e7a79e00            Options.write_thread_slow_yield_usec: 3
2023/12/11-19:14:56.376376 1e7a79e00                               Options.row_cache: None
2023/12/11-19:14:56.376377 1e7a79e00                              Options.wal_filter: None
2023/12/11-19:14:56.376377 1e7a79e00             Options.avoid_flush_during_recovery: 0
2023/12/11-19:14:56.376378 1e7a79e00             Options.allow_ingest_behind: 0
2023/12/11-19:14:56.376378 1e7a79e00             Options.preserve_deletes: 0
2023/12/11-19:14:56.376379 1e7a79e00             Options.two_write_queues: 0
2023/12/11-19:14:56.376380 1e7a79e00             Options.manual_wal_flush: 0
2023/12/11-19:14:56.376380 1e7a79e00             Options.atomic_flush: 0
2023/12/11-19:14:56.376381 1e7a79e00             Options.avoid_unnecessary_blocking_io: 0
2023/12/11-19:14:56.376382 1e7a79e00                 Options.persist_stats_to_disk: 0
2023/12/11-19:14:56.376382 1e7a79e00                 Options.write_dbid_to_manifest: 0
2023/12/11-19:14:56.376383 1e7a79e00                 Options.log_readahead_size: 0
2023/12/11-19:14:56.376384 1e7a79e00                 Options.file_checksum_gen_factory: Unknown
2023/12/11-19:14:56.376384 1e7a79e00                 Options.best_efforts_recovery: 0
2023/12/11-19:14:56.376385 1e7a79e00                Options.max_bgerror_resume_count: 2147483647
2023/12/11-19:14:56.376386 1e7a79e00            Options.bgerror_resume_retry_interval: 1000000
2023/12/11-19:14:56.376386 1e7a79e00             Options.allow_data_in_errors: 0
2023/12/11-19:14:56.376387 1e7a79e00             Options.db_host_id: __hostname__
2023/12/11-19:14:56.376388 1e7a79e00             Options.max_background_jobs: 2
2023/12/11-19:14:56.376388 1e7a79e00             Options.max_background_compactions: -1
2023/12/11-19:14:56.376389 1e7a79e00             Options.max_subcompactions: 1
2023/12/11-19:14:56.376389 1e7a79e00             Options.avoid_flush_during_shutdown: 0
2023/12/11-19:14:56.376390 1e7a79e00           Options.writable_file_max_buffer_size: 1048576
2023/12/11-19:14:56.376391 1e7a79e00             Options.delayed_write_rate : 16777216
2023/12/11-19:14:56.376391 1e7a79e00             Options.max_total_wal_size: 0
2023/12/11-19:14:56.376392 1e7a79e00             Options.delete_obsolete_files_period_micros: 21600000000
2023/12/11-19:14:56.376392 1e7a79e00                   Options.stats_dump_period_sec: 600
2023/12/11-19:14:56.376393 1e7a79e00                 Options.stats_persist_period_sec: 600
2023/12/11-19:14:56.376394 1e7a79e00                 Options.stats_history_buffer_size: 1048576
2023/12/11-19:14:56.376394 1e7a79e00                          Options.max_open_files: -1
2023/12/11-19:14:56.376395 1e7a79e00                          Options.bytes_per_sync: 0
2023/12/11-19:14:56.376396 1e7a79e00                      Options.wal_bytes_per_sync: 0
2023/12/11-19:14:56.376396 1e7a79e00                   Options.strict_bytes_per_sync: 0
2023/12/11-19:14:56.376397 1e7a79e00       Options.compaction_readahead_size: 0
2023/12/11-19:14:56.376397 1e7a79e00                  Options.max_background_flushes: -1
2023/12/11-19:14:56.376398 1e7a79e00 Compression algorithms supported:
2023/12/11-19:14:56.376399 1e7a79e00 	kZSTD supported: 1
2023/12/11-19:14:56.376400 1e7a79e00 	kZlibCompression supported: 1
2023/12/11-19:14:56.376411 1e7a79e00 	kXpressCompression supported: 0
2023/12/11-19:14:56.376412 1e7a79e00 	kSnappyCompression supported: 1
2023/12/11-19:14:56.376413 1e7a79e00 	kZSTDNotFinalCompression supported: 1
2023/12/11-19:14:56.376414 1e7a79e00 	kLZ4HCCompression supported: 1
2023/12/11-19:14:56.376414 1e7a79e00 	kLZ4Compression supported: 1
2023/12/11-19:14:56.376415 1e7a79e00 	kBZip2Compression supported: 1
2023/12/11-19:14:56.376422 1e7a79e00 Fast CRC32 supported: Supported on Arm64
2023/12/11-19:14:56.376537 1e7a79e00 [db/version_set.cc:4627] Recovering from manifest file: ./account/MANIFEST-004008
2023/12/11-19:14:56.376586 1e7a79e00 [db/column_family.cc:598] --------------- Options for column family [default]:
2023/12/11-19:14:56.376587 1e7a79e00               Options.comparator: leveldb.BytewiseComparator
2023/12/11-19:14:56.376588 1e7a79e00           Options.merge_operator: None
2023/12/11-19:14:56.376588 1e7a79e00        Options.compaction_filter: None
2023/12/11-19:14:56.376589 1e7a79e00        Options.compaction_filter_factory: None
2023/12/11-19:14:56.376589 1e7a79e00  Options.sst_partitioner_factory: None
2023/12/11-19:14:56.376590 1e7a79e00         Options.memtable_factory: SkipListFactory
2023/12/11-19:14:56.376591 1e7a79e00            Options.table_factory: BlockBasedTable
2023/12/11-19:14:56.376648 1e7a79e00            table_factory options:   flush_block_policy_factory: FlushBlockBySizePolicyFactory (0x11e904920)
  cache_index_and_filter_blocks: 0
  cache_index_and_filter_blocks_with_high_priority: 1
  pin_l0_filter_and_index_blocks_in_cache: 0
  pin_top_level_index_and_filter: 1
  index_type: 0
  data_block_index_type: 0
  index_shortening: 1
  data_block_hash_table_util_ratio: 0.750000
  hash_index_allow_collision: 1
  checksum: 1
  no_block_cache: 0
  block_cache: 0x11e904968
  block_cache_name: LRUCache
  block_cache_options:
    capacity : 8388608
    num_shard_bits : 4
    strict_capacity_limit : 0
    memory_allocator : None
    high_pri_pool_ratio: 0.000
  block_cache_compressed: 0x0
  persistent_cache: 0x0
  block_size: 4096
  block_size_deviation: 10
  block_restart_interval: 16
  index_block_restart_interval: 1
  metadata_block_size: 4096
  partition_filters: 0
  use_delta_encoding: 1
  filter_policy: nullptr
  whole_key_filtering: 1
  verify_compression: 0
  read_amp_bytes_per_bit: 0
  format_version: 5
  enable_index_compression: 1
  block_align: 0
2023/12/11-19:14:56.376651 1e7a79e00        Options.write_buffer_size: 67108864
2023/12/11-19:14:56.376651 1e7a79e00  Options.max_write_buffer_number: 2
2023/12/11-19:14:56.376652 1e7a79e00          Options.compression: Snappy
2023/12/11-19:14:56.376653 1e7a79e00                  Options.bottommost_compression: Disabled
2023/12/11-19:14:56.376653 1e7a79e00       Options.prefix_extractor: nullptr
2023/12/11-19:14:56.376654 1e7a79e00   Options.memtable_insert_with_hint_prefix_extractor: nullptr
2023/12/11-19:14:56.376655 1e7a79e00             Options.num_levels: 7
2023/12/11-19:14:56.376655 1e7a79e00        Options.min_write_buffer_number_to_merge: 1
2023/12/11-19:14:56.376656 1e7a79e00     Options.max_write_buffer_number_to_maintain: 0
2023/12/11-19:14:56.376656 1e7a79e00     Options.max_write_buffer_size_to_maintain: 0
2023/12/11-19:14:56.376657 1e7a79e00            Options.bottommost_compression_opts.window_bits: -14
2023/12/11-19:14:56.376658 1e7a79e00                  Options.bottommost_compression_opts.level: 32767
2023/12/11-19:14:56.376659 1e7a79e00               Options.bottommost_compression_opts.strategy: 0
2023/12/11-19:14:56.376659 1e7a79e00         Options.bottommost_compression_opts.max_dict_bytes: 0
2023/12/11-19:14:56.376660 1e7a79e00         Options.bottommost_compression_opts.zstd_max_train_bytes: 0
2023/12/11-19:14:56.376660 1e7a79e00         Options.bottommost_compression_opts.parallel_threads: 1
2023/12/11-19:14:56.376661 1e7a79e00                  Options.bottommost_compression_opts.enabled: false
2023/12/11-19:14:56.376662 1e7a79e00         Options.bottommost_compression_opts.max_dict_buffer_bytes: 0
2023/12/11-19:14:56.376662 1e7a79e00            Options.compression_opts.window_bits: -14
2023/12/11-19:14:56.376675 1e7a79e00                  Options.compression_opts.level: 32767
2023/12/11-19:14:56.376676 1e7a79e00               Options.compression_opts.strategy: 0
2023/12/11-19:14:56.376677 1e7a79e00         Options.compression_opts.max_dict_bytes: 0
2023/12/11-19:14:56.376677 1e7a79e00         Options.compression_opts.zstd_max_train_bytes: 0
2023/12/11-19:14:56.376678 1e7a79e00         Options.compression_opts.parallel_threads: 1
2023/12/11-19:14:56.376678 1e7a79e00                  Options.compression_opts.enabled: false
2023/12/11-19:14:56.376679 1e7a79e00         Options.compression_opts.max_dict_buffer_bytes: 0
2023/12/11-19:14:56.376680 1e7a79e00      Options.level0_file_num_compaction_trigger: 4
2023/12/11-19:14:56.376680 1e7a79e00          Options.level0_slowdown_writes_trigger: 20
2023/12/11-19:14:56.376681 1e7a79e00              Options.level0_stop_writes_trigger: 36
2023/12/11-19:14:56.376682 1e7a79e00                   Options.target_file_size_base: 67108864
2023/12/11-19:14:56.376682 1e7a79e00             Options.target_file_size_multiplier: 1
2023/12/11-19:14:56.376683 1e7a79e00                Options.max_bytes_for_level_base: 268435456
2023/12/11-19:14:56.376683 1e7a79e00 Options.level_compaction_dynamic_level_bytes: 0
2023/12/11-19:14:56.376684 1e7a79e00          Options.max_bytes_for_level_multiplier: 10.000000
2023/12/11-19:14:56.376685 1e7a79e00 Options.max_bytes_for_level_multiplier_addtl[0]: 1
2023/12/11-19:14:56.376686 1e7a79e00 Options.max_bytes_for_level_multiplier_addtl[1]: 1
2023/12/11-19:14:56.376686 1e7a79e00 Options.max_bytes_for_level_multiplier_addtl[2]: 1
2023/12/11-19:14:56.376687 1e7a79e00 Options.max_bytes_for_level_multiplier_addtl[3]: 1
2023/12/11-19:14:56.376688 1e7a79e00 Options.max_bytes_for_level_multiplier_addtl[4]: 1
2023/12/11-19:14:56.376688 1e7a79e00 Options.max_bytes_for_level_multiplier_addtl[5]: 1
2023/12/11-19:14:56.376689 1e7a79e00 Options.max_bytes_for_level_multiplier_addtl[6]: 1
2023/12/11-19:14:56.376689 1e7a79e00       Options.max_sequential_skip_in_iterations: 8
2023/12/11-19:14:56.376690 1e7a79e00                    Options.max_compaction_bytes: 1677721600
2023/12/11-19:14:56.376691 1e7a79e00                        Options.arena_block_size: 8388608
2023/12/11-19:14:56.376691 1e7a79e00   Options.soft_pending_compaction_bytes_limit: 68719476736
2023/12/11-19:14:56.376692 1e7a79e00   Options.hard_pending_compaction_bytes_limit: 274877906944
2023/12/11-19:14:56.376693 1e7a79e00       Options.rate_limit_delay_max_milliseconds: 100
2023/12/11-19:14:56.376693 1e7a79e00                Options.disable_auto_compactions: 0
2023/12/11-19:14:56.376694 1e7a79e00                        Options.compaction_style: kCompactionStyleLevel
2023/12/11-19:14:56.376696 1e7a79e00                          Options.compaction_pri: kMinOverlappingRatio
2023/12/11-19:14:56.376696 1e7a79e00 Options.compaction_options_universal.size_ratio: 1
2023/12/11-19:14:56.376697 1e7a79e00 Options.compaction_options_universal.min_merge_width: 2
2023/12/11-19:14:56.376697 1e7a79e00 Options.compaction_options_universal.max_merge_width: 4294967295
2023/12/11-19:14:56.376698 1e7a79e00 Options.compaction_options_universal.max_size_amplification_percent: 200
2023/12/11-19:14:56.376699 1e7a79e00 Options.compaction_options_universal.compression_size_percent: -1
2023/12/11-19:14:56.376700 1e7a79e00 Options.compaction_options_universal.stop_style: kCompactionStopStyleTotalSize
2023/12/11-19:14:56.376701 1e7a79e00 Options.compaction_options_fifo.max_table_files_size: 1073741824
2023/12/11-19:14:56.376701 1e7a79e00 Options.compaction_options_fifo.allow_compaction: 0
2023/12/11-19:14:56.376702 1e7a79e00                   Options.table_properties_collectors: 
2023/12/11-19:14:56.376703 1e7a79e00                   Options.inplace_update_support: 0
2023/12/11-19:14:56.376703 1e7a79e00                 Options.inplace_update_num_locks: 10000
2023/12/11-19:14:56.376704 1e7a79e00               Options.memtable_prefix_bloom_size_ratio: 0.000000
2023/12/11-19:14:56.376713 1e7a79e00               Options.memtable_whole_key_filtering: 0
2023/12/11-19:14:56.376714 1e7a79e00   Options.memtable_huge_page_size: 0
2023/12/11-19:14:56.376715 1e7a79e00                           Options.bloom_locality: 0
2023/12/11-19:14:56.376715 1e7a79e00                    Options.max_successive_merges: 0
2023/12/11-19:14:56.376716 1e7a79e00                Options.optimize_filters_for_hits: 0
2023/12/11-19:14:56.376716 1e7a79e00                Options.paranoid_file_checks: 0
2023/12/11-19:14:56.376717 1e7a79e00                Options.force_consistency_checks: 1
2023/12/11-19:14:56.376718 1e7a79e00                Options.report_bg_io_stats: 0
2023/12/11-19:14:56.376718 1e7a79e00                               Options.ttl: 2592000
2023/12/11-19:14:56.376719 1e7a79e00          Options.periodic_compaction_seconds: 0
2023/12/11-19:14:56.376719 1e7a79e00                    Options.enable_blob_files: false
2023/12/11-19:14:56.376720 1e7a79e00                        Options.min_blob_size: 0
2023/12/11-19:14:56.376721 1e7a79e00                       Options.blob_file_size: 268435456
2023/12/11-19:14:56.376721 1e7a79e00                Options.blob_compression_type: NoCompression
2023/12/11-19:14:56.376722 1e7a79e00       Options.enable_blob_garbage_collection: false
2023/12/11-19:14:56.376723 1e7a79e00   Options.blob_garbage_collection_age_cutoff: 0.250000
2023/12/11-19:14:56.378033 1e7a79e00 [db/version_set.cc:4675] Recovered from manifest file:./account/MANIFEST-004008 succeeded,manifest_file_number is 4008, next_file_number is 4010, last_sequence is 19, log_number is 4005,prev_log_number is 0,max_column_family is 0,min_log_number_to_keep is 0
2023/12/11-19:14:56.378037 1e7a79e00 [db/version_set.cc:4684] Column family [default] (ID 0), log number is 4005
2023/12/11-19:14:56.378929 1e7a79e00 [db/version_set.cc:4119] Creating manifest 4012
2023/12/11-19:14:56.380138 1e7a79e00 EVENT_LOG_v1 {"time_micros": 1702293296380132, "job": 1, "event": "recovery_started", "wal_files": [4009]}
2023/12/11-19:14:56.380141 1e7a79e00 [db/db_impl/db_impl_open.cc:856] Recovering log #4009 mode 2
2023/12/11-19:14:56.380216 1e7a79e00 [db/version_set.cc:4119] Creating manifest 4013
2023/12/11-19:14:56.380636 1e7a79e00 EVENT_LOG_v1 {"time_micros": 1702293296380634, "job": 1, "event": "recovery_finished"}
2023/12/11-19:14:56.383449 1e7a79e00 [file/delete_scheduler.cc:77] Deleted file ./account/004009.log immediately, rate_bytes_per_sec 0, total_trash_size 0 max_trash_db_ratio 0.250000
2023/12/11-19:14:56.386166 1e7a79e00 [db/db_impl/db_impl_open.cc:1757] SstFileManager instance 0x11e905790
2023/12/11-19:14:56.386251 170b77000 (Original Log Time 2023/12/11-19:14:56.386225) [db/db_impl/db_impl_compaction_flush.cc:2976] Compaction nothing to do
2023/12/11-19:14:56.387005 1e7a79e00 DB pointer 0x11e00ee00
2023/12/11-19:14:59.392211 170c8f000 [db/db_impl/db_impl.cc:932] ------- DUMPING STATS -------
2023/12/11-19:14:59.392220 170c8f000 [db/db_impl/db_impl.cc:933] 
** DB Stats **
Uptime(secs): 3.0 total, 3.0 interval
Cumulative writes: 0 writes, 0 keys, 0 commit groups, 0.0 writes per commit group, ingest: 0.00 GB, 0.00 MB/s
Cumulative WAL: 0 writes, 0 syncs, 0.00 writes per sync, written: 0.00 GB, 0.00 MB/s
Cumulative stall: 00:00:0.000 H:M:S, 0.0 percent
Interval writes: 0 writes, 0 keys, 0 commit groups, 0.0 writes per commit group, ingest: 0.00 MB, 0.00 MB/s
Interval WAL: 0 writes, 0 syncs, 0.00 writes per sync, written: 0.00 MB, 0.00 MB/s
Interval stall: 00:00:0.000 H:M:S, 0.0 percent

** Compaction Stats [default] **
Level    Files   Size     Score Read(GB)  Rn(GB) Rnp1(GB) Write(GB) Wnew(GB) Moved(GB) W-Amp Rd(MB/s) Wr(MB/s) Comp(sec) CompMergeCPU(sec) Comp(cnt) Avg(sec) KeyIn KeyDrop Rblob(GB) Wblob(GB)
------------------------------------------------------------------------------------------------------------------------------------------------------------------------------------------------
  L1     17/0   18.79 KB   0.0      0.0     0.0      0.0       0.0      0.0       0.0   0.0      0.0      0.0      0.00              0.00         0    0.000       0      0       0.0       0.0
 Sum     17/0   18.79 KB   0.0      0.0     0.0      0.0       0.0      0.0       0.0   0.0      0.0      0.0      0.00              0.00         0    0.000       0      0       0.0       0.0
 Int      0/0    0.00 KB   0.0      0.0     0.0      0.0       0.0      0.0       0.0   0.0      0.0      0.0      0.00              0.00         0    0.000       0      0       0.0       0.0

** Compaction Stats [default] **
Priority    Files   Size     Score Read(GB)  Rn(GB) Rnp1(GB) Write(GB) Wnew(GB) Moved(GB) W-Amp Rd(MB/s) Wr(MB/s) Comp(sec) CompMergeCPU(sec) Comp(cnt) Avg(sec) KeyIn KeyDrop Rblob(GB) Wblob(GB)
---------------------------------------------------------------------------------------------------------------------------------------------------------------------------------------------------

Blob file count: 0, total size: 0.0 GB

Uptime(secs): 3.0 total, 3.0 interval
Flush(GB): cumulative 0.000, interval 0.000
AddFile(GB): cumulative 0.000, interval 0.000
AddFile(Total Files): cumulative 0, interval 0
AddFile(L0 Files): cumulative 0, interval 0
AddFile(Keys): cumulative 0, interval 0
Cumulative compaction: 0.00 GB write, 0.00 MB/s write, 0.00 GB read, 0.00 MB/s read, 0.0 seconds
Interval compaction: 0.00 GB write, 0.00 MB/s write, 0.00 GB read, 0.00 MB/s read, 0.0 seconds
Stalls(count): 0 level0_slowdown, 0 level0_slowdown_with_compaction, 0 level0_numfiles, 0 level0_numfiles_with_compaction, 0 stop for pending_compaction_bytes, 0 slowdown for pending_compaction_bytes, 0 memtable_compaction, 0 memtable_slowdown, interval 0 total count

** File Read Latency Histogram By Level [default] **

** Compaction Stats [default] **
Level    Files   Size     Score Read(GB)  Rn(GB) Rnp1(GB) Write(GB) Wnew(GB) Moved(GB) W-Amp Rd(MB/s) Wr(MB/s) Comp(sec) CompMergeCPU(sec) Comp(cnt) Avg(sec) KeyIn KeyDrop Rblob(GB) Wblob(GB)
------------------------------------------------------------------------------------------------------------------------------------------------------------------------------------------------
  L1     17/0   18.79 KB   0.0      0.0     0.0      0.0       0.0      0.0       0.0   0.0      0.0      0.0      0.00              0.00         0    0.000       0      0       0.0       0.0
 Sum     17/0   18.79 KB   0.0      0.0     0.0      0.0       0.0      0.0       0.0   0.0      0.0      0.0      0.00              0.00         0    0.000       0      0       0.0       0.0
 Int      0/0    0.00 KB   0.0      0.0     0.0      0.0       0.0      0.0       0.0   0.0      0.0      0.0      0.00              0.00         0    0.000       0      0       0.0       0.0

** Compaction Stats [default] **
Priority    Files   Size     Score Read(GB)  Rn(GB) Rnp1(GB) Write(GB) Wnew(GB) Moved(GB) W-Amp Rd(MB/s) Wr(MB/s) Comp(sec) CompMergeCPU(sec) Comp(cnt) Avg(sec) KeyIn KeyDrop Rblob(GB) Wblob(GB)
---------------------------------------------------------------------------------------------------------------------------------------------------------------------------------------------------

Blob file count: 0, total size: 0.0 GB

Uptime(secs): 3.0 total, 0.0 interval
Flush(GB): cumulative 0.000, interval 0.000
AddFile(GB): cumulative 0.000, interval 0.000
AddFile(Total Files): cumulative 0, interval 0
AddFile(L0 Files): cumulative 0, interval 0
AddFile(Keys): cumulative 0, interval 0
Cumulative compaction: 0.00 GB write, 0.00 MB/s write, 0.00 GB read, 0.00 MB/s read, 0.0 seconds
Interval compaction: 0.00 GB write, 0.00 MB/s write, 0.00 GB read, 0.00 MB/s read, 0.0 seconds
Stalls(count): 0 level0_slowdown, 0 level0_slowdown_with_compaction, 0 level0_numfiles, 0 level0_numfiles_with_compaction, 0 stop for pending_compaction_bytes, 0 slowdown for pending_compaction_bytes, 0 memtable_compaction, 0 memtable_slowdown, interval 0 total count

** File Read Latency Histogram By Level [default] **
