2023/12/08-16:15:49.291951 16be53000 RocksDB version: 6.20.3
2023/12/08-16:15:49.292057 16be53000 Git sha 8608d75d85f8e1b3b64b73a4fb6d19baec61ba5c
2023/12/08-16:15:49.292059 16be53000 Compile date 2021-05-05 20:35:30
2023/12/08-16:15:49.292072 16be53000 DB SUMMARY
2023/12/08-16:15:49.292073 16be53000 DB Session ID:  FP69TWTBI83MKUSP8Y2I
2023/12/08-16:15:49.292187 16be53000 CURRENT file:  CURRENT
2023/12/08-16:15:49.292188 16be53000 IDENTITY file:  IDENTITY
2023/12/08-16:15:49.292205 16be53000 MANIFEST file:  MANIFEST-000273 size: 3335 Bytes
2023/12/08-16:15:49.292207 16be53000 SST files in ./contract/db dir, Total Num: 17, files: 000009.sst 000015.sst 000021.sst 000027.sst 000035.sst 000058.sst 000111.sst 000204.sst 000208.sst 
2023/12/08-16:15:49.292208 16be53000 Write Ahead Log file in ./contract/db: 000274.log size: 1114440 ; 
2023/12/08-16:15:49.292212 16be53000                         Options.error_if_exists: 0
2023/12/08-16:15:49.292213 16be53000                       Options.create_if_missing: 1
2023/12/08-16:15:49.292214 16be53000                         Options.paranoid_checks: 1
2023/12/08-16:15:49.292214 16be53000                               Options.track_and_verify_wals_in_manifest: 0
2023/12/08-16:15:49.292215 16be53000                                     Options.env: 0x107d9c140
2023/12/08-16:15:49.292216 16be53000                                      Options.fs: Posix File System
2023/12/08-16:15:49.292217 16be53000                                Options.info_log: 0x14de35700
2023/12/08-16:15:49.292217 16be53000                Options.max_file_opening_threads: 16
2023/12/08-16:15:49.292218 16be53000                              Options.statistics: 0x0
2023/12/08-16:15:49.292219 16be53000                               Options.use_fsync: 0
2023/12/08-16:15:49.292219 16be53000                       Options.max_log_file_size: 0
2023/12/08-16:15:49.292220 16be53000                  Options.max_manifest_file_size: 1073741824
2023/12/08-16:15:49.292221 16be53000                   Options.log_file_time_to_roll: 0
2023/12/08-16:15:49.292221 16be53000                       Options.keep_log_file_num: 1000
2023/12/08-16:15:49.292222 16be53000                    Options.recycle_log_file_num: 0
2023/12/08-16:15:49.292222 16be53000                         Options.allow_fallocate: 1
2023/12/08-16:15:49.292223 16be53000                        Options.allow_mmap_reads: 0
2023/12/08-16:15:49.292224 16be53000                       Options.allow_mmap_writes: 0
2023/12/08-16:15:49.292224 16be53000                        Options.use_direct_reads: 0
2023/12/08-16:15:49.292225 16be53000                        Options.use_direct_io_for_flush_and_compaction: 0
2023/12/08-16:15:49.292225 16be53000          Options.create_missing_column_families: 0
2023/12/08-16:15:49.292226 16be53000                              Options.db_log_dir: 
2023/12/08-16:15:49.292227 16be53000                                 Options.wal_dir: ./contract/db
2023/12/08-16:15:49.292227 16be53000                Options.table_cache_numshardbits: 6
2023/12/08-16:15:49.292228 16be53000                         Options.WAL_ttl_seconds: 0
2023/12/08-16:15:49.292229 16be53000                       Options.WAL_size_limit_MB: 0
2023/12/08-16:15:49.292229 16be53000                        Options.max_write_batch_group_size_bytes: 1048576
2023/12/08-16:15:49.292230 16be53000             Options.manifest_preallocation_size: 4194304
2023/12/08-16:15:49.292230 16be53000                     Options.is_fd_close_on_exec: 1
2023/12/08-16:15:49.292231 16be53000                   Options.advise_random_on_open: 1
2023/12/08-16:15:49.292232 16be53000                    Options.db_write_buffer_size: 0
2023/12/08-16:15:49.292232 16be53000                    Options.write_buffer_manager: 0x14de355f0
2023/12/08-16:15:49.292233 16be53000         Options.access_hint_on_compaction_start: 1
2023/12/08-16:15:49.292233 16be53000  Options.new_table_reader_for_compaction_inputs: 0
2023/12/08-16:15:49.292234 16be53000           Options.random_access_max_buffer_size: 1048576
2023/12/08-16:15:49.292235 16be53000                      Options.use_adaptive_mutex: 0
2023/12/08-16:15:49.292251 16be53000                            Options.rate_limiter: 0x0
2023/12/08-16:15:49.292252 16be53000     Options.sst_file_manager.rate_bytes_per_sec: 0
2023/12/08-16:15:49.292253 16be53000                       Options.wal_recovery_mode: 2
2023/12/08-16:15:49.292254 16be53000                  Options.enable_thread_tracking: 0
2023/12/08-16:15:49.292254 16be53000                  Options.enable_pipelined_write: 0
2023/12/08-16:15:49.292255 16be53000                  Options.unordered_write: 0
2023/12/08-16:15:49.292256 16be53000         Options.allow_concurrent_memtable_write: 1
2023/12/08-16:15:49.292256 16be53000      Options.enable_write_thread_adaptive_yield: 1
2023/12/08-16:15:49.292257 16be53000             Options.write_thread_max_yield_usec: 100
2023/12/08-16:15:49.292257 16be53000            Options.write_thread_slow_yield_usec: 3
2023/12/08-16:15:49.292258 16be53000                               Options.row_cache: None
2023/12/08-16:15:49.292259 16be53000                              Options.wal_filter: None
2023/12/08-16:15:49.292259 16be53000             Options.avoid_flush_during_recovery: 0
2023/12/08-16:15:49.292260 16be53000             Options.allow_ingest_behind: 0
2023/12/08-16:15:49.292261 16be53000             Options.preserve_deletes: 0
2023/12/08-16:15:49.292261 16be53000             Options.two_write_queues: 0
2023/12/08-16:15:49.292262 16be53000             Options.manual_wal_flush: 0
2023/12/08-16:15:49.292262 16be53000             Options.atomic_flush: 0
2023/12/08-16:15:49.292263 16be53000             Options.avoid_unnecessary_blocking_io: 0
2023/12/08-16:15:49.292264 16be53000                 Options.persist_stats_to_disk: 0
2023/12/08-16:15:49.292264 16be53000                 Options.write_dbid_to_manifest: 0
2023/12/08-16:15:49.292265 16be53000                 Options.log_readahead_size: 0
2023/12/08-16:15:49.292266 16be53000                 Options.file_checksum_gen_factory: Unknown
2023/12/08-16:15:49.292266 16be53000                 Options.best_efforts_recovery: 0
2023/12/08-16:15:49.292267 16be53000                Options.max_bgerror_resume_count: 2147483647
2023/12/08-16:15:49.292267 16be53000            Options.bgerror_resume_retry_interval: 1000000
2023/12/08-16:15:49.292268 16be53000             Options.allow_data_in_errors: 0
2023/12/08-16:15:49.292269 16be53000             Options.db_host_id: __hostname__
2023/12/08-16:15:49.292269 16be53000             Options.max_background_jobs: 2
2023/12/08-16:15:49.292270 16be53000             Options.max_background_compactions: -1
2023/12/08-16:15:49.292271 16be53000             Options.max_subcompactions: 1
2023/12/08-16:15:49.292271 16be53000             Options.avoid_flush_during_shutdown: 0
2023/12/08-16:15:49.292278 16be53000           Options.writable_file_max_buffer_size: 1048576
2023/12/08-16:15:49.292278 16be53000             Options.delayed_write_rate : 16777216
2023/12/08-16:15:49.292279 16be53000             Options.max_total_wal_size: 0
2023/12/08-16:15:49.292280 16be53000             Options.delete_obsolete_files_period_micros: 21600000000
2023/12/08-16:15:49.292280 16be53000                   Options.stats_dump_period_sec: 600
2023/12/08-16:15:49.292281 16be53000                 Options.stats_persist_period_sec: 600
2023/12/08-16:15:49.292282 16be53000                 Options.stats_history_buffer_size: 1048576
2023/12/08-16:15:49.292282 16be53000                          Options.max_open_files: -1
2023/12/08-16:15:49.292283 16be53000                          Options.bytes_per_sync: 0
2023/12/08-16:15:49.292283 16be53000                      Options.wal_bytes_per_sync: 0
2023/12/08-16:15:49.292284 16be53000                   Options.strict_bytes_per_sync: 0
2023/12/08-16:15:49.292285 16be53000       Options.compaction_readahead_size: 0
2023/12/08-16:15:49.292285 16be53000                  Options.max_background_flushes: -1
2023/12/08-16:15:49.292286 16be53000 Compression algorithms supported:
2023/12/08-16:15:49.292288 16be53000 	kZSTD supported: 1
2023/12/08-16:15:49.292289 16be53000 	kZlibCompression supported: 1
2023/12/08-16:15:49.292298 16be53000 	kXpressCompression supported: 0
2023/12/08-16:15:49.292298 16be53000 	kSnappyCompression supported: 1
2023/12/08-16:15:49.292299 16be53000 	kZSTDNotFinalCompression supported: 1
2023/12/08-16:15:49.292300 16be53000 	kLZ4HCCompression supported: 1
2023/12/08-16:15:49.292301 16be53000 	kLZ4Compression supported: 1
2023/12/08-16:15:49.292301 16be53000 	kBZip2Compression supported: 1
2023/12/08-16:15:49.292311 16be53000 Fast CRC32 supported: Supported on Arm64
2023/12/08-16:15:49.292607 16be53000 [db/version_set.cc:4627] Recovering from manifest file: ./contract/db/MANIFEST-000273
2023/12/08-16:15:49.292674 16be53000 [db/column_family.cc:598] --------------- Options for column family [default]:
2023/12/08-16:15:49.292676 16be53000               Options.comparator: leveldb.BytewiseComparator
2023/12/08-16:15:49.292677 16be53000           Options.merge_operator: None
2023/12/08-16:15:49.292677 16be53000        Options.compaction_filter: None
2023/12/08-16:15:49.292678 16be53000        Options.compaction_filter_factory: None
2023/12/08-16:15:49.292679 16be53000  Options.sst_partitioner_factory: None
2023/12/08-16:15:49.292679 16be53000         Options.memtable_factory: SkipListFactory
2023/12/08-16:15:49.292680 16be53000            Options.table_factory: BlockBasedTable
2023/12/08-16:15:49.292691 16be53000            table_factory options:   flush_block_policy_factory: FlushBlockBySizePolicyFactory (0x14de35070)
  cache_index_and_filter_blocks: 0
  cache_index_and_filter_blocks_with_high_priority: 1
  pin_l0_filter_and_index_blocks_in_cache: 0
  pin_top_level_index_and_filter: 1
  index_type: 0
  data_block_index_type: 0
  index_shortening: 1
  data_block_hash_table_util_ratio: 0.750000
  hash_index_allow_collision: 1
  checksum: 1
  no_block_cache: 0
  block_cache: 0x14de326a8
  block_cache_name: LRUCache
  block_cache_options:
    capacity : 8388608
    num_shard_bits : 4
    strict_capacity_limit : 0
    memory_allocator : None
    high_pri_pool_ratio: 0.000
  block_cache_compressed: 0x0
  persistent_cache: 0x0
  block_size: 4096
  block_size_deviation: 10
  block_restart_interval: 16
  index_block_restart_interval: 1
  metadata_block_size: 4096
  partition_filters: 0
  use_delta_encoding: 1
  filter_policy: nullptr
  whole_key_filtering: 1
  verify_compression: 0
  read_amp_bytes_per_bit: 0
  format_version: 5
  enable_index_compression: 1
  block_align: 0
2023/12/08-16:15:49.292695 16be53000        Options.write_buffer_size: 67108864
2023/12/08-16:15:49.292695 16be53000  Options.max_write_buffer_number: 2
2023/12/08-16:15:49.292696 16be53000          Options.compression: Snappy
2023/12/08-16:15:49.292697 16be53000                  Options.bottommost_compression: Disabled
2023/12/08-16:15:49.292698 16be53000       Options.prefix_extractor: nullptr
2023/12/08-16:15:49.292699 16be53000   Options.memtable_insert_with_hint_prefix_extractor: nullptr
2023/12/08-16:15:49.292699 16be53000             Options.num_levels: 7
2023/12/08-16:15:49.292700 16be53000        Options.min_write_buffer_number_to_merge: 1
2023/12/08-16:15:49.292700 16be53000     Options.max_write_buffer_number_to_maintain: 0
2023/12/08-16:15:49.292701 16be53000     Options.max_write_buffer_size_to_maintain: 0
2023/12/08-16:15:49.292702 16be53000            Options.bottommost_compression_opts.window_bits: -14
2023/12/08-16:15:49.292702 16be53000                  Options.bottommost_compression_opts.level: 32767
2023/12/08-16:15:49.292703 16be53000               Options.bottommost_compression_opts.strategy: 0
2023/12/08-16:15:49.292704 16be53000         Options.bottommost_compression_opts.max_dict_bytes: 0
2023/12/08-16:15:49.292704 16be53000         Options.bottommost_compression_opts.zstd_max_train_bytes: 0
2023/12/08-16:15:49.292705 16be53000         Options.bottommost_compression_opts.parallel_threads: 1
2023/12/08-16:15:49.292705 16be53000                  Options.bottommost_compression_opts.enabled: false
2023/12/08-16:15:49.292706 16be53000         Options.bottommost_compression_opts.max_dict_buffer_bytes: 0
2023/12/08-16:15:49.292720 16be53000            Options.compression_opts.window_bits: -14
2023/12/08-16:15:49.292721 16be53000                  Options.compression_opts.level: 32767
2023/12/08-16:15:49.292721 16be53000               Options.compression_opts.strategy: 0
2023/12/08-16:15:49.292722 16be53000         Options.compression_opts.max_dict_bytes: 0
2023/12/08-16:15:49.292722 16be53000         Options.compression_opts.zstd_max_train_bytes: 0
2023/12/08-16:15:49.292723 16be53000         Options.compression_opts.parallel_threads: 1
2023/12/08-16:15:49.292724 16be53000                  Options.compression_opts.enabled: false
2023/12/08-16:15:49.292724 16be53000         Options.compression_opts.max_dict_buffer_bytes: 0
2023/12/08-16:15:49.292725 16be53000      Options.level0_file_num_compaction_trigger: 4
2023/12/08-16:15:49.292725 16be53000          Options.level0_slowdown_writes_trigger: 20
2023/12/08-16:15:49.292726 16be53000              Options.level0_stop_writes_trigger: 36
2023/12/08-16:15:49.292727 16be53000                   Options.target_file_size_base: 67108864
2023/12/08-16:15:49.292727 16be53000             Options.target_file_size_multiplier: 1
2023/12/08-16:15:49.292728 16be53000                Options.max_bytes_for_level_base: 268435456
2023/12/08-16:15:49.292728 16be53000 Options.level_compaction_dynamic_level_bytes: 0
2023/12/08-16:15:49.292729 16be53000          Options.max_bytes_for_level_multiplier: 10.000000
2023/12/08-16:15:49.292730 16be53000 Options.max_bytes_for_level_multiplier_addtl[0]: 1
2023/12/08-16:15:49.292731 16be53000 Options.max_bytes_for_level_multiplier_addtl[1]: 1
2023/12/08-16:15:49.292732 16be53000 Options.max_bytes_for_level_multiplier_addtl[2]: 1
2023/12/08-16:15:49.292732 16be53000 Options.max_bytes_for_level_multiplier_addtl[3]: 1
2023/12/08-16:15:49.292733 16be53000 Options.max_bytes_for_level_multiplier_addtl[4]: 1
2023/12/08-16:15:49.292733 16be53000 Options.max_bytes_for_level_multiplier_addtl[5]: 1
2023/12/08-16:15:49.292734 16be53000 Options.max_bytes_for_level_multiplier_addtl[6]: 1
2023/12/08-16:15:49.292735 16be53000       Options.max_sequential_skip_in_iterations: 8
2023/12/08-16:15:49.292735 16be53000                    Options.max_compaction_bytes: 1677721600
2023/12/08-16:15:49.292736 16be53000                        Options.arena_block_size: 8388608
2023/12/08-16:15:49.292737 16be53000   Options.soft_pending_compaction_bytes_limit: 68719476736
2023/12/08-16:15:49.292737 16be53000   Options.hard_pending_compaction_bytes_limit: 274877906944
2023/12/08-16:15:49.292738 16be53000       Options.rate_limit_delay_max_milliseconds: 100
2023/12/08-16:15:49.292738 16be53000                Options.disable_auto_compactions: 0
2023/12/08-16:15:49.292740 16be53000                        Options.compaction_style: kCompactionStyleLevel
2023/12/08-16:15:49.292741 16be53000                          Options.compaction_pri: kMinOverlappingRatio
2023/12/08-16:15:49.292742 16be53000 Options.compaction_options_universal.size_ratio: 1
2023/12/08-16:15:49.292743 16be53000 Options.compaction_options_universal.min_merge_width: 2
2023/12/08-16:15:49.292743 16be53000 Options.compaction_options_universal.max_merge_width: 4294967295
2023/12/08-16:15:49.292744 16be53000 Options.compaction_options_universal.max_size_amplification_percent: 200
2023/12/08-16:15:49.292745 16be53000 Options.compaction_options_universal.compression_size_percent: -1
2023/12/08-16:15:49.292746 16be53000 Options.compaction_options_universal.stop_style: kCompactionStopStyleTotalSize
2023/12/08-16:15:49.292747 16be53000 Options.compaction_options_fifo.max_table_files_size: 1073741824
2023/12/08-16:15:49.292747 16be53000 Options.compaction_options_fifo.allow_compaction: 0
2023/12/08-16:15:49.292749 16be53000                   Options.table_properties_collectors: 
2023/12/08-16:15:49.292750 16be53000                   Options.inplace_update_support: 0
2023/12/08-16:15:49.292750 16be53000                 Options.inplace_update_num_locks: 10000
2023/12/08-16:15:49.292751 16be53000               Options.memtable_prefix_bloom_size_ratio: 0.000000
2023/12/08-16:15:49.292759 16be53000               Options.memtable_whole_key_filtering: 0
2023/12/08-16:15:49.292760 16be53000   Options.memtable_huge_page_size: 0
2023/12/08-16:15:49.292761 16be53000                           Options.bloom_locality: 0
2023/12/08-16:15:49.292761 16be53000                    Options.max_successive_merges: 0
2023/12/08-16:15:49.292762 16be53000                Options.optimize_filters_for_hits: 0
2023/12/08-16:15:49.292762 16be53000                Options.paranoid_file_checks: 0
2023/12/08-16:15:49.292763 16be53000                Options.force_consistency_checks: 1
2023/12/08-16:15:49.292764 16be53000                Options.report_bg_io_stats: 0
2023/12/08-16:15:49.292764 16be53000                               Options.ttl: 2592000
2023/12/08-16:15:49.292765 16be53000          Options.periodic_compaction_seconds: 0
2023/12/08-16:15:49.292766 16be53000                    Options.enable_blob_files: false
2023/12/08-16:15:49.292766 16be53000                        Options.min_blob_size: 0
2023/12/08-16:15:49.292767 16be53000                       Options.blob_file_size: 268435456
2023/12/08-16:15:49.292768 16be53000                Options.blob_compression_type: NoCompression
2023/12/08-16:15:49.292768 16be53000       Options.enable_blob_garbage_collection: false
2023/12/08-16:15:49.292769 16be53000   Options.blob_garbage_collection_age_cutoff: 0.250000
2023/12/08-16:15:49.294556 16be53000 [db/version_set.cc:4675] Recovered from manifest file:./contract/db/MANIFEST-000273 succeeded,manifest_file_number is 273, next_file_number is 278, last_sequence is 21, log_number is 267,prev_log_number is 0,max_column_family is 0,min_log_number_to_keep is 0
2023/12/08-16:15:49.294559 16be53000 [db/version_set.cc:4684] Column family [default] (ID 0), log number is 267
2023/12/08-16:15:49.294863 16be53000 [db/version_set.cc:4119] Creating manifest 279
2023/12/08-16:15:49.295604 16be53000 EVENT_LOG_v1 {"time_micros": 1702023349295599, "job": 1, "event": "recovery_started", "wal_files": [274]}
2023/12/08-16:15:49.295607 16be53000 [db/db_impl/db_impl_open.cc:856] Recovering log #274 mode 2
2023/12/08-16:15:49.298877 16be53000 EVENT_LOG_v1 {"time_micros": 1702023349298851, "cf_name": "default", "job": 1, "event": "table_file_creation", "file_number": 280, "file_size": 62121, "file_checksum": "", "file_checksum_func_name": "Unknown", "table_properties": {"data_size": 61154, "index_size": 85, "index_partitions": 0, "top_level_index_size": 0, "index_key_is_user_key": 1, "index_value_is_delta_encoded": 1, "filter_size": 0, "raw_key_size": 74, "raw_average_key_size": 74, "raw_value_size": 1114112, "raw_average_value_size": 1114112, "num_data_blocks": 1, "num_entries": 1, "num_deletions": 0, "num_merge_operands": 0, "num_range_deletions": 0, "format_version": 0, "fixed_key_len": 0, "filter_policy": "", "column_family_name": "default", "column_family_id": 0, "comparator": "leveldb.BytewiseComparator", "merge_operator": "nullptr", "prefix_extractor_name": "nullptr", "property_collectors": "[]", "compression": "Snappy", "compression_options": "window_bits=-14; level=32767; strategy=0; max_dict_bytes=0; zstd_max_train_bytes=0; enabled=0; max_dict_buffer_bytes=0; ", "creation_time": 1702023349, "oldest_key_time": 0, "file_creation_time": 0, "slow_compression_estimated_data_size": 0, "fast_compression_estimated_data_size": 0, "db_id": "1797cdd223b5b4d0-30e8d88268aae68a", "db_session_id": "FP69TWTBI83MKUSP8Y2I"}}
2023/12/08-16:15:49.299018 16be53000 [db/version_set.cc:4119] Creating manifest 281
2023/12/08-16:15:49.299553 16be53000 EVENT_LOG_v1 {"time_micros": 1702023349299550, "job": 1, "event": "recovery_finished"}
2023/12/08-16:15:49.300320 16be53000 [file/delete_scheduler.cc:77] Deleted file ./contract/db/000274.log immediately, rate_bytes_per_sec 0, total_trash_size 0 max_trash_db_ratio 0.250000
2023/12/08-16:15:49.302662 16be53000 [db/db_impl/db_impl_open.cc:1757] SstFileManager instance 0x14de35890
2023/12/08-16:15:49.302833 16be53000 DB pointer 0x14e05c000
2023/12/08-16:15:49.302922 16d14b000 (Original Log Time 2023/12/08-16:15:49.302743) [db/db_impl/db_impl_compaction_flush.cc:3046] [default] Moving #280 to level-1 62121 bytes
2023/12/08-16:15:49.302924 16d14b000 (Original Log Time 2023/12/08-16:15:49.302898) EVENT_LOG_v1 {"time_micros": 1702023349302894, "job": 3, "event": "trivial_move", "destination_level": 1, "files": 1, "total_files_size": 62121}
2023/12/08-16:15:49.302925 16d14b000 (Original Log Time 2023/12/08-16:15:49.302900) [db/db_impl/db_impl_compaction_flush.cc:3076] [default] Moved #1 files to level-1 62121 bytes OK: files[3 15 0 0 0 0 0] max score 0.75
2023/12/08-16:15:49.847083 16be53000 [db/db_impl/db_impl.cc:463] Shutdown: canceling all background work
2023/12/08-16:15:49.849329 16be53000 [db/db_impl/db_impl.cc:642] Shutdown complete
